6900500	6805,6805
3288250	19394,19394,4750,25651,5592,6395
7269250	23295,23295,27791,20578,24571,8637,26180,2729,10895
9842500	10908,10908,18805,3190,7380,19048,25086,21995,12576
10322250	18575,18575,10702,5185,1731,1880,28967
1110750	20578,20578,3458,12426
1911500	21815,21815,10872,1047,18730,3627
9352750	17133,17133,18075,6548,28759
9351750	20626,20626,28930,2891,17921,14580,11080
2168250	13494,13494,15200,7868
8129250	7868,7868,22999,7045,18097,25733,8637,28617,16323
10401500	13258,13258,18465,8816,12189,20979,27791,22950
7320250	26728,26728
11590500	14821,14821,18741,17512
4115500	26619,26619,14470,21899,6731
3549000	5184,5184
12016750	15784,15784,24277,15584,4807,12078,18741,18612,5661,1000,9671,28662,28653,18353,11849,3647,27437,7061,7248
9592500	18271,18271
3734250	6290,6290
6654750	14261,14261,16110
3031750	12977,12977,16110,27198,15988,19772,11263,27501,14020,3228,7323,18131,18388,26288,13878,2783,29099,21565
1622500	19179,19179,19381,14020,18771,22027,12285,8148,7522,24911
12239250	5856,5856,15838,20519,26288,14536,25618,12271
6619500	5221,5221,16952,3627,21067,1917,15089,15934
10309250	10999,10999,9472,5043,18996,15192,11329,11734,8089,14942
6155250	5015,5015,7850,1773,14020,29203,4220,4059,15661,27653
1561250	22973,22973,12352,24307,989,8495,17706,14261,7096,21511
10790500	7105,7105,15716
9173750	11679,11679,10999,15315,14020,14097,13784,29224,16540,16110,12541,7560
5110750	5590,5590,28399,18167,1739,1004,934,21146,25793,8414,26114,3324,7096
5239500	16939,16939,14360,14153
2316250	1390,1390,15065,23475,28662,6621,28535,10948,20694,18180,9688,9657,26288,26546
8909750	22342,22342,15681,28270,24054,20803
11493000	1533,1533,9072,4694,14661,12453,7868,22727
6301250	20555,20555,13209,14292,14942,8226,25917,11543,8689,8637,1031,12271,574
11874000	12220,12220,1282,18180,4220,4510,10014,29203,13844
8100250	22489,22489,7868
11494250	11196,11196,8676
8163500	26959,26959,18868,22621,15022,28438
4259500	29099,29099,9111,12541,23628,3135,8005,11176,15315,11018
7976750	19813,19813,3228,26806,25483
6099250	13244,13244,11823,25372
4215750	9878,9878,21085,26127,1037,14415,14573,4125,4281,19574,15302,9340,9392,23656,23928,7230,11391,2685,17356,12674
11625250	21628,21628,28017,3740,18990
6700250	7957,7957,18575
10619000	12647,12647
1319000	5797,5797,599,10449
5846250	18200,18200,1831
9671750	26722,26722
47000	1950,1950,23549,2999,18835
6694750	20456,20456,20253,12352,9472,12977,24196,5053,27149,23007,26298,3151,18730,14020,22393
848500	9838,9838,259,19891,23628,2000,7286
8327250	14917,14917
9802000	12888,12888,24601,21501,5883
6234000	4220,4220,4571,21372,18051,3555,17020,12642,12438,16463,1107
650750	17772,17772,18202
11535250	2257,2257,16463,22989
6921750	19197,19197,29497,2367
472000	2963,2963,21565,3515,25333,6211,23584,23748
3625250	4411,4411,16085,20549,18180,21372,6057,26614,5625
3511000	19651,19651,13020,14020
4782250	5724,5724,9658,27791,15359,10778,10193
6780500	29099,29099,10893,25676,4571
6571750	155,155,16540,5661,9193
776750	21146,21146,18730,26006,18388,4329,12717,29084,20695,3228,9991,14182,14153,27401,22043,22359,2128,19829,2963,26699
3168000	3082,3082
10264750	29203,29203
5220750	8689,8689,25240,28438
2050000	10702,10702,21659,15231,11022,17960,18996,26866,5620,5306
5108000	12346,12346,155,14020,23628,7070,15094,22359,22556,15718,3627,10193,27659,10532,4571,4254,29203,29547
6067750	23698,23698
4809750	679,679,23884
4716750	2963,2963,2683,8511,25318,13784,29202,25820
10696000	14887,14887,19615,10635,25420,3740,14153,20979,24440,1995,1666,11022
11114000	25372,25372
2492500	20979,20979,16939,19005
11936000	13020,13020,28470
6848000	8816,8816,24601,23622,12977,26619
10713250	1031,1031,11220,22633,14446,617
6126750	15019,15019,25169,25117
6872750	20393,20393
8940500	24172,24172,16952,251,2655,25917,13784,4571,21838,23928,11080
2428500	1396,1396,22915,17153
3573750	25260,25260,778,15831,11176
9436000	6571,6571,504
9685000	5403,5403,17032,3185
6003750	3913,3913,8792,3393,10726,22749,26618,4750,7737,7868,23628,23698,23480,11679,16944,23013,16176,27487,15414,530,20256,5053,2251,12285
8156500	2198,2198,6951,6665,16420,6447,9620,25214,8842,4078,10999,19974
5915250	15138,15138,2367
892500	18805,18805,18741,239,2669,10306,15217,3647,23403,12688,17446,17180
4557250	21996,21996,27228
1909250	10014,10014,4411,18180,20516,26523,14209,504,15992,24645,6326,12729,23470
8523250	1731,1731,7827,25500
969750	17823,17823,14020,2963,2367,3047
10312750	12352,12352,12886,28201,20164,20367,3627,24503,6154,23783,9563
434750	21911,21911,12656,3228,16972,6104,6542,27511,19394,19973,4571
9212500	14596,14596,7150
9076750	3665,3665,18575,4731,17748
2891500	3627,3627,7467,3047,819,2257,14580,255,14161,20966,26722,13240,8724,4949,11176,8027
2626250	25193,25193,20206
1140750	17823,17823,24172,12541,2251,6741,23782,14261,1293,5736,19421,27060,15395,27912,22313,7868,25651
4814750	26568,26568
11339250	6828,6828
8314250	25933,25933,4834,4626,11196,19416,27618,17770
267250	599,599,8313,13787,21925,679,11679,10690,2367,15549,18829,5053,1237,20297
3742000	26168,26168,5336,14482,21847,2669,13020,7297,23656,11357
1838750	16818,16818
3266750	10066,10066,13888,3228,5416
1247000	25381,25381,25635,5043,20548,18712
4963500	15534,15534,16572,18002,21110,21092
8195000	24519,24519,28410,11080,18024,4078,21672,8943,5185
7657250	29445,29445,7997,3228,2043
10261750	15645,15645,23628,23896,3438,16331,28270,17061,17060,17405,17348,21657,5285,18024,1222,14261,14533,18805,8278,19394
12004000	15307,15307,12754,5081,16463,10452,7680,18683,18958
8745250	7706,7706,23086
10972250	23779,23779,13672,12491
2253250	527,527,1031,28975,9220,437
4035250	3423,3423,3185,11159,8630,27539,9340
3211250	7173,7173,11076,239,15584,23662,4411,11963,16110,12431,17706,3390,26006,6148,27443,27155,10393
10393750	2437,2437,17531,29265,3438
7345250	5845,5845,2750
6358500	16873,16873
8910750	29078,29078,12688,24929,26614,18167,10948,27514,5598,11330
5654000	4571,4571,4300,4775,23861,528,29231,17926,16939,5896
5522250	21672,21672,4479,15315,7048
8528750	15672,15672,15315,27791,16913
7450000	8637,8637,14261,29202,12977,20661,9220,27791
854250	8943,8943,4571,9881
4475750	12068,12068,20536,20551,3719,24944,13592,2227,259,18805,18024,25651,1803,27401,9671,19113,4949,8689,23774,4281
4376250	16155,16155,11524,27407,15631,12790,28368,18281,21225,8689,19993
10054250	4667,4667,20297,1079,19660,11159
380000	12329,12329,22094,5620,14174,1773
8149250	2367,2367,11196,11679,24015,12162,215
9720000	13830,13830,29442,2771
12028500	15311,15311,11196,16540,13390,18496,21975,21392
6334000	23120,23120,10627
7103000	15423,15423,23662,15019,12586,5574,11080
6766250	9109,9109,4307,18805,3977,29547,6988,28945,27791
7190750	9413,9413,14526,27791
10609250	21919,21919,5330,5598,20979,7409,19702,28694,8693
12331000	26614,26614,7542,18180,21758,21739,19540,11330
6458500	8637,8637
4625750	25366,25366,26000,22321,29197,10570,17945,14482,17882,530,10840,22749,1000,11734,3151,24869,24471
1767500	27977,27977,619,14626,7409,20180
2752000	12243,12243,14917,14074,2042,19772,3032,19405,3313,27906,11679,5043,26728,22179,5667
11131750	4039,4039,29472,882
11440500	15584,15584,20608,4731,14226,7936,7411,2179,26576,16540,6571,1803
11111500	27791,27791,12379,4216
12215000	7868,7868,4949,8637,14942,18743,9363,6672,20831,12352,28463
11949750	12063,12063,43,6571,13554,2198,25009,10353,5403
1338750	6571,6571,9620,360,845,12586
2200750	18741,18741,14020,8630,26516,9315,2655,2610,24506,12285,16768,12674
3644250	4381,4381,14661,4775,7127,7230,16406,18843,20388,17781,29473
10302500	12754,12754,6630,2626,18167,7409,14065,26087,14567,23235,8689,28164,679,12162
9839750	18167,18167
10052000	22280,22280,22126,143,12610,12754,7680,3093,11696,21110
4547500	8257,8257
4304250	16846,16846,1155,679,7868,27328,10999,14902,24929
8271000	11280,11280
8216500	28481,28481,25329,25308,6148,3746,14159,18712,22916,22552,27791
4004500	15315,15315,6571,19686,18281
69500	15315,15315,10646,18196,6352,2929,18730,1917,17470,4691
8243500	949,949,14048,11196,11776,29099,3047,24869,4949,4931,4479,18075
4880250	3382,3382,15617,27096
3903500	15514,15514,1392
6264750	1415,1415
11558000	12674,12674,749
232000	7868,7868,7105,18791,21865
10592750	3804,3804,15934,646,25488,13093
12065000	2270,2270,12453
1815750	5067,5067,13998
11169500	953,953,4220,19217,19277,10014,2198
1699500	16716,16716,24715
6713250	24344,24344,17177,24541,14261,18879,18805,27625,2945,2367,1758,5185,16768
9179500	20823,20823,17214,29375,17835,17629,12220,27637,11196
9199500	4081,4081,4578,29099,24969
10229250	18289,18289,24869,24541,8689,21593,22179,23774
11300000	2963,2963,13307,8375,12063
3861500	7868,7868,9899,20470
10224750	1481,1481,25960,21393,4761,2613,11679
4852000	29146,29146,7038
9972250	15138,15138,7963
5812000	20506,20506,2683,19993,4039
8216750	24281,24281
8111500	12790,12790,454,527,23793,23878,11018
7785250	11790,11790
5655250	9131,9131,3702,14048,3228,11196,23669,15645,16500
42000	13390,13390,8890,11578
5238000	527,527,9620,21833,11101,2683,15018,5936,15138
2182750	5131,5131,28184,1539,19643,7059,18808
8215250	25372,25372
11601500	11080,11080,6190,6299,7511,12853,12220
4454500	27117,27117,15019,4059,26699,28184
8385000	23284,23284,19217,9111,26332,1548,8528,504,21110,18080,7680,16463,3458
4378500	11857,11857,22947,16100
3405000	5015,5015
3114000	21092,21092,23928,20536
5078750	9111,9111,12433,9549,27319,23071,27625,23628,7465,7260,8483,7096,18990,10329,554,62,4949,14596,25669,25329,1031,5310,17959,21657,13592
7322250	23861,23861
3675000	9563,9563,14292,10232,8851,15024,6498,20338,11635,7297,1138,13779,16722,1565
5957500	24966,24966
3723750	14020,14020,5598,25372,4078,12271,3406
3312500	21217,21217
6258500	12068,12068
745750	21071,21071,4578,19339,24869,7230,7827,3228
4399750	23207,23207
11307500	8628,8628,24944,20300,12068,18167,22359,5264,27711
8324500	28369,28369,7943,14020,9848,9657,18741
12377250	24427,24427,24447,5492,8689,3151,27946,14020,22313,19405,22556,19023,2729,18075,5799
1969000	12220,12220,4411,5987,15887,5469,18002
5962750	9563,9563,9640,17706,24172,3228,16800,7105,11080,27446,2683,5803,1950,21838,5151
8102000	768,768,21110
1812000	11196,11196,7868,19814
12234750	21632,21632,29465,25372,949,6980,26614,26736,10893,10176,4510,22126
2088000	21883,21883,10949,19540,15019,617,2198,25349,13020,13247
9946250	21865,21865,26619,23241,12754
4047000	7208,7208,26737,18712,22043,3983,29446
8049000	5067,5067,4582,14240,14319,26180,14821,1704,22749,17664,20979,21094,3850
1531250	22442,22442,7026,6546,10247,22179,4078
5254500	15478,15478,15918,3313,7868,22359,22043,14393,4336,21672,18072,24601,25488,29539,12717
2882750	11330,11330,4452,8943,29225
4063000	19974,19974,14573
9694750	15383,15383,14550,28409
11616250	9829,9829
3781500	27161,27161
10768750	4683,4683,19993,6672
9344000	17024,17024,14795
12061000	8628,8628,16463
309750	20902,20902,15365,4545
10642000	3627,3627,27625,10999,21334,7567,7576,1966,26728,25570,25427,20536,16754,23831,5053,9782,11176,251
4423500	6911,6911,29490,24193,4147,9111
10818500	5334,5334,1038,23779,9829,9030,17855
7513250	24590,24590
4533750	11431,11431,4324,10908,10970,24514
984500	27791,27791,19539,18730,28985,2513
8017000	3719,3719,22280,23284,27505,15096
4118250	5185,5185
2797750	28270,28270,3658
3977750	25596,25596,13975,21869,1461,17060,17087
12173500	9817,9817,1325,15405,15534,21110,554,3627,28370,28184,22607
5264500	8625,8625,12220,4172,27791
5155750	24669,24669,11969,2999,7432,18024,14661,8173,18805,23662,15018
3524750	26871,26871,4808,4491
7600250	3228,3228,11176,25570,24869
6996000	16067,16067,13754,6305
7002750	5081,5081,1481
7016500	26546,26546,24193,1366
266500	25005,25005,255,9487,9486,10282,9657
11947000	1758,1758,21911,9522,13103,8719,23482,11080,15233,20411,24417,28967,2322,16865,12162,17959,6505
5226250	15907,15907,16302,6840,24669,8689,21865,10726,26416
5261000	24788,24788,13592,21581,1591,15308,11410,11000
11220500	11431,11431,12285
9794000	642,642,9301,10368
5952250	5094,5094,5067
2874500	7868,7868,3047,28370,4172,22094,10840
12231250	27155,27155,24274,28149
6849750	11679,11679,27965,27928,6246,6757,29099,2199,13883,25733,8049,12161,15584,19394,4819,24886
5034000	7465,7465
2078000	4644,4644,17752,26608,17449,14902,14446,7622,6839,27791,28616,16944,24669
1194750	6543,6543,27052,7037,679,23103,12737,5306,25366,25169,20551,4059,8637,24669,21092,7827,7400,3068,3627,83
452750	22547,22547,10872,16460,12110,251,141,6672,19973,15638,11060,24392,14796,25488,14581,18491,14020,21865,17352
10774750	1577,1577,27199,14942
5059000	16668,16668,19102,9195
12142750	9834,9834
9512750	23779,23779,11080,19903,27205,4239,21593,13285,20800,28135
7476250	19416,19416,23284,4571,29099,1037,24907
10533750	27346,27346,26972,14261,17945,13451,3032,24601,19974
12204750	21533,21533,7963,6571
4184250	14020,14020,11196,23928,11687,178,241,8689,28710,4949
746000	155,155,21865,6571,12435,3032,7613,7105
3952000	19837,19837,21844,13998,25917,9111,4648,2128,4479,16550,29099
415500	194,194,7542,554,13017,27437,23164,28694
7445000	16463,16463,18075
10976250	1533,1533,16952,11679,27888,14482,12285
10756500	17706,17706,14942,6656,26972,26771
1710500	7868,7868,14780,28065
9103250	6655,6655,876
9513250	18024,18024,9195,23928,23861,12583,20800,414
425500	8313,8313,12285
1517000	4808,4808,27205,7208,15086,16302,24087
567250	9899,9899,6051,6968,24616,1237,7105,7868,7354,27791,21838,949,19615
3293750	26523,26523,7070,25193,18075,12758
2968250	17331,17331,16463,4578,8637,14273,27625,1831,11624,18805,18758,28985
5052000	5150,5150,7868
8757750	24601,24601,26288,18024
4907500	24196,24196,9709,23622,11060,11196,5712,8775,6374,8965,5086
1661750	679,679,3324,3151,14020,10840,9802,22342,15315,1731,28221,2729
4025000	9894,9894
3282250	11857,11857,27638,11357,29099,2739
4844000	7868,7868,21983,24196,28362,12220,12899,15934,5598,27396
3795000	29099,29099,12352
11701500	16481,16481,4281,4366,24737,17760
4852500	911,911,16500,24541,7542,26288,10151,11665,5848
3216500	2963,2963,18697,26121,21146,20548,8028
7034000	27153,27153,14266,22887,26829,3850,13265,17402,1392
10966250	8689,8689,14482,4949,251,20456,29224,17087,13039
393250	2891,2891,22306,4949,519,20154,13093
5697750	476,476,16396,23273,27791,2367
11340250	14294,14294,26973,25329
3089500	1917,1917
2852250	11682,11682,14261,21706
711500	11052,11052,11578,17118,26722,14360,4709
3719250	4960,4960,17150
239250	28481,28481,7616,16854,12647,19742,18990,9842,27060,8603
4189500	9165,9165
2033500	28270,28270,3627,8689,11465,11176,2519,16110,712,12352,1293,1439,4949,5009
65500	6152,6152,24196,29202,28687,2452,21840,5443,5814
10566000	11204,11204,7868,3854
12386500	2367,2367
252500	18805,18805,18544,14011,6199,15089,23656,23826,23861
8702500	11196,11196,3390,8257,23779,7105,29547,617,16540,24780
3148500	155,155,12795,4762,5306,16217,28508,28561,28270,14894,19258,22126,27346,7620
3913250	3626,3626,4235,8409,8689,9242,9230,9948,5845,13240,12220,14020
10885750	23676,23676
7830250	17237,17237,554
6247250	8171,8171,15814,25618
5226500	3627,3627,7868,23829
7715000	13795,13795,24978,11790,27961,19394
448250	15911,15911
3581250	11781,11781,5848,5086,23482,28411,17783,22126,23214,26546
799000	24341,24341,24553,3555,8278,16331,27791,21946,29099,25839
5293250	20506,20506,11519,15672,3995,679,4571
3981750	15602,15602,25386,3228,6520,22280,5185,27791,23143
5769750	2455,2455,18731,26614,143,16116,20147,4440,24503,16818
6400000	26737,26737,15258,15065,22371,2452,2600,28270,3536,3313,20551,9567,18712
9035750	26434,26434,18544,18697,9881,18024,29099,6839,17977,17732,25618,25381,7850,20661,4479,19973,27052,21919
6257000	11849,11849,3740,16540,12285,21071,14795,22749,530,23628,23563
6061250	10893,10893,11176,3190,19632,16463,8628,22113,29203,22359,28985,22577
418500	18002,18002,15138
861250	28707,28707
9979000	8628,8628,20661,6096,251
10000250	19974,19974,6171,28256,17153
6634500	6571,6571
9163000	6096,6096,6571,23475,5594,11482,11080,26576,7977
7367000	155,155,143,7061,20297,11888,11083,15686,18730,17945,21336,13607,21975
11939000	23260,23260,25596
2807500	18741,18741,18024,12688,27117,3817,11329,10014,19379,1015,1010,5557
4102750	26843,26843,20585,22523
11894500	26619,26619,15138,24009
11078500	9275,9275,18024
11957000	17060,17060,17242,13380,12977,16818,23907,21078,21995
9628250	18024,18024,23779
7687500	26607,26607,19574,6737,18730,14498,14603,3174,7868,3787,28625,12285,12364,290,619,8173,12182,16453,23748,5369,13853,22994
3404000	3627,3627,8446,15911,27791,1385,18273,905,6246,29,22246
7375000	11201,11201,11857
2350750	23779,23779
3326250	10866,10866,20154,27389,17232,9479,24459,9389,18712,8943,614,4163
12015000	7552,7552,26900,5176,15138,22240
3226500	27791,27791,11954,22240,6621
4895250	26308,26308,7248,25670,20694,21067,16624,1335,24541,28418,12068,19166,15478,23779,15423,11638,9152
5143250	20411,20411,16609,29547,19457,26614,26394,10949,5429,14482,9563,18542,27567,6287,13067,6880,23549,28641,12736
10592000	12220,12220,25372,6951,19973,1335
7218000	7096,7096,2421,6951,22317,18630,10702,21936,24669,15859,11201
1904750	9138,9138,23928,27314
11683250	14603,14603,24704,12541
528250	8693,8693,155,12977,21146,7096,2963
2768250	23421,23421
4073250	17153,17153,12271,22836,27415
11321750	19891,19891,22880,7997,13745,10879,4238,4262,4294,21684,21672,11730,28481,29330,9906,29547,24907,27205,15390,6242,12358
8170750	1966,1966
1629250	24196,24196,19891,24601,29099,18024,21392,9120
282500	12055,12055,1962,8818,3850,9899,2683
10598500	24385,24385,9563,155,14165,11776,7105
10588000	849,849,15138,14020,9209,9295
4054000	28124,28124,20121,24088,9090,11304
341000	16564,16564,25840
6299000	25830,25830
10944750	25372,25372,28752,7150,19673
3590000	28924,28924,7567,9907
2480750	20979,20979,18172,15249,22946,22843
145750	11196,11196,24242,11578,7409,3847
7149500	2306,2306
405000	1135,1135
2688750	28391,28391,1739,19814,15721,22749,155,3774,3181
3787750	26969,26969,2610
1971500	19166,19166,13701,7469,7692,7654,7004,7096,24070,7230,14415,14917,27791,23019,14065,1739,5834,17550,5315,26288,22043,11000,22489,26860,4411,4479,21919,21715,8316,25329,16944,3151
8730250	18024,18024,1501,14976,1119,4571,530,57,911,7611,3228,12068,28453,28653,3913,28876,11679,8257,8278,19416,7007
10047250	8976,8976,12132,3555
12229000	17389,17389,12588
4712250	18388,18388,20902,14276
9716500	28065,28065,20694,6908,13086
1806750	26394,26394,20701,6621
2733500	19824,19824,13272
5780000	17959,17959,12209,29224,17061,17214,4411,471,20190,8842,539,9111,4807,20979,155,11022,23781,23928,7071,11328,7059,7061,7037,11524,27955,7856,15811,19421,19458,15021,15315,15534,15584,22529,22556,26789,22313,10014,26523,1461,26583,10325,27257,2291,10702,2173,2128,14917,14065,14261,18515,25510,21092,21071,25651,21336,18712,18736,21979,26160,1000,5157,13734,5814,5912
8435250	11080,11080,22489,7105,11679,18730,16110,23896,16540,14261,10999,21067
1688750	19671,19671,3145,7248,12220
4317250	22029,22029,4172,8338,18628,5619,15159,12173
11579750	12688,12688,8410,15217
7323750	3458,3458,11196,27019
1792000	23214,23214,6203,9301,16540,20630
9394250	569,569,15390,14894,19014,25372,17060,17087,29203,28899,3228
9215000	8651,8651,14294
5693000	2655,2655,21899
5187750	1481,1481,11080
1074750	12285,12285,12220,647,527,11904,11080,21865,22556,10171,3699,14580,12747
11747250	9525,9525,16154,11244,17959,24892
7886000	15934,15934,5094,9472,6880
8617500	28270,28270,26619,11280,4571,27625
5256500	3775,3775,614,20679
9244000	14227,14227,13471,13442,17393,7868,16177
236000	18275,18275,17690,27028,8637
7003500	25090,25090,11196
10212500	15959,15959,24788,12927,24081
11158000	12076,12076,5043,28876,8637,21930,21657,6738,25169,239,360,7868,26422
1617250	23284,23284,5077,27791,11951,11329,5667,28463,12283,19405,7061,2217,21533,1505,18002,21919,26546
3317500	3032,3032,8767,8261,25366,22113,1917,27514,7105,11864
6572500	17945,17945,29099
6957500	14153,14153,27448,9111,22029,12754,23861,2374,16722,24417,24898,1065
3054250	9563,9563,14020,3151,7248,29203,12285,5448,11931
725000	17835,17835,20902
11632250	4819,4819,25022
2132250	14159,14159
4620000	27709,27709,14486
8060000	18024,18024,19882
2386250	24507,24507,1008,7061,948
6272000	12055,12055,17400,2803
4256000	24944,24944,16331,5661,27791,23019,7692,18741,14153,3324,17771
4256500	2410,2410
3520000	18829,18829,22126,3999,10702,10325,14788,4499,23409,27927,16846,23928,5254,9563,28065,24434,24669,24984,2999,20184,12758,12795,29099,14415,21919,21336,1700,1337,7105
1724250	15269,15269,15672,23236,23198,3228
10063000	22393,22393,22889,21110,14930,10893
5440750	20701,20701,16243,19862,2963,970,14853,23206,25029,20045
5642000	26121,26121,13450,10840,10726,14873,16009,3181,7812,11176,11080
9982500	542,542,16009,20800
4809000	24178,24178,22211,1461,27637,9193
9782000	5367,5367,18758,5086,14902,3151,7248,29364,6724
3310750	3458,3458,15432,23774,24083,11176,25086,14952
5539250	24258,24258,7868,8689,11983,155,18075
2331750	10584,10584,22126,953,22732,18805,9458,29099,17214,20626,2436,24385,7179,11201,19539,27179,8628
7306250	4691,4691,22359,2249,28754
10069500	15322,15322,6665,10740,18084,14408,2257,21838,18519,7868,21400,8637,8978,24447,19973,4571
7435500	18024,18024,178,27950,7975,24886
8949750	16818,16818,21962,17438,4808
5898500	15921,15921,23433,17732,374,7105
9811750	22846,22846
38250	17590,17590,14265,18730,15138,10051
3035250	11080,11080
8529750	23013,23013,9702,22583,26883,16939,18026
887750	28270,28270,15934,24764,15019,17237,3135
7797000	11196,11196,6447,6571,12754,13942
2138750	14120,14120
2788750	7096,7096,3647,3804,23628,11431,11176,8842,10702,9914,18515,5043,13776,24907
3014750	18558,18558,13471,28166,24922,2353,7868
4153000	22621,22621,27539,21883,21865,26523,14942,18075,20048,17835,17921,5043,9111,9567,9912
11711250	21338,21338,20617,6175,10866,1392,23861,24942
9906500	5185,5185,26298,23656,28411,155,12394,8689
11129250	11080,11080,949
6380000	20327,20327,24459,28425
6150750	26523,26523,18185,4835,17429,15831
299750	11080,11080,24869,24601
1381000	14261,14261,8724,22099,27637,17958,29099,25329
1579250	15921,15921,9906,5336,24194,8698,4953,4078,25424,25641,7105,13737,21160
10257500	4281,4281,10893
4186500	27092,27092
12384250	4300,4300,3658,5458
3304500	16540,16540,24461,6158,17512,17228,29099,25169,1197,18086,18217,5081,13554,4324,8219,22269,4931,4807,10461,26634,3592,3804,11631,15874,903
11225500	24869,24869,13020,25960,16463,4731,8628,23342
8096750	5267,5267,22077,21672,24887,28641,23628,1630
6751750	3068,3068,16243
7918750	7479,7479
10297000	27056,27056,18075,25058
3010000	4220,4220,13975
12008000	4960,4960,16331,20979,24274,17647,25618,14261
7143250	24281,24281,19941,15799,20751,1773,29203,217,26077,21983,26114,10702,10404,28641,22087,12865,28985,2771,13039,7360,13265,7613,3181,3074,23251,13784,23896
6458000	1681,1681
2187500	29203,29203,27394,6158,23628
8051750	7936,7936,29389
11984750	3627,3627,251,25086,993
8555500	19379,19379,18180,7762,25372,1282,4738,29078,5598,10741,27615
8353250	12285,12285,4302,3438,22204,27205,7230,7560,16331,28401
7545250	14381,14381,13891,3228,11679
1181250	8339,8339,8058,16169,23284,27390,7208,7465,22749,29213
3846250	11882,11882,11679,23143,1080,15584,16722,2826,8719
4967250	3528,3528,28391,7868,12431,6101,17642
3963750	3809,3809,3590,11330,11176,11864,251,7096,7356,4949,16624,23475,23662,12977,13020,13737,26614,26972,21067,19421
1104500	22393,22393,2683,14294,21110,18678
4193750	23779,23779,21657
9651250	26754,26754,5639,1598
11121500	6597,6597,13049,18024,20297,8530,24601,15799
5726500	13779,13779,17244,23465,14470
364250	11679,11679
6205000	27470,27470
10513000	6147,6147
10443000	1392,1392,13460,10570,14482,28378,19466,23628
3849750	9549,9549
573000	16653,16653,19962,19615,18868
5901250	14575,14575,12606
832250	22963,22963,27791,5053,18024,23143,29330,23782,28859,26670
4195500	20456,20456,18097,9802,18905,15315,27407,7737,28662,12285,20694
764000	16300,16300,18990,15081
11283500	10680,10680,16463,12220
5899750	18730,18730,21672,12220
1025250	13247,13247,4014
8845250	10133,10133,14020,4039,22484,13962,18736,13070,25138,554,25596,24565,17214,16722,12008,28653,23928,11826
11972750	21693,21693,17972,28855,954,647,15631,4846,7260,7936
12027000	21865,21865,2322,24334
8033500	6113,6113,13888,20996,28653,16939,12489,12435,2471
11496750	3534,3534,6927
3684750	16754,16754,16463
7269750	19475,19475,4019
11847750	3555,3555
7898750	21838,21838,26894
1724000	29099,29099
7699500	8173,8173,3979,11793,11679,28410,23928,8719,23698,13592,26127,1546,1222,5848,1031,22280,9802,360,18730,14182
8230750	11939,11939,4949,24841
5320000	6167,6167,3228
19500	27927,27927,27946,11080,19421,5086,20551,14048,7096,25933
9394500	29472,29472,22371,6880,18491,14533,14588,26546,26712,11670,8965,23781,20661,15018,29099,16540
9039750	1293,1293,11196,14580,3228
8799750	679,679,12018,4389,4571,13592,3252,18024,20826,14261
563500	10778,10778,15032,23928,16939,3219
5751500	15896,15896,11679,19680,23928,14873,26434,7004,15086,21094,1392,2033,25488,12977,5336,5268,24869,24878
11137750	19891,19891,24869,24669,12068,934,22447
9437500	7208,7208,489,28662,15718,15584,22280
6412250	7260,7260,13354,15159
5828250	9031,9031,4808
2251750	6571,6571,29385,23549
3592750	8704,8704,16903,14694
1953250	24415,24415,12394,23984,1788,6783,2610,3658,21979,25289,20918,8313,14020
12371000	14294,14294,9111,8628,11543,23896,11776,8992,16376,24541,24517,12737,12394,17514,17767,21372,25570,25086,2254
11564250	9140,9140,6104,1831,14969,25483
847750	28169,28169,18024,21684,12728
4804500	28465,28465
10521000	7868,7868,10225,15874,21315,19105,6856,9045,9472,17920,18612
11503250	504,504
1906000	21110,21110,2683,2438,9532,9567,1831,11448,16540,12220,12285
10234000	28975,28975,24409,11524,25086,25570,19402,10970,15019,14261,9111,4039,8692,14020,3719,28653
5910250	28525,28525
7588000	28653,28653,28975,17470,10329,7105
9782500	5856,5856,17550,6352
6874250	8637,8637,13483,18805,14265,24844,12168,12747,2683,17214,28410,22393,1771,26754,11080,15584
9706000	3809,3809,12168,9612,23340,11487,742,849,6364,22094,19431,25933,29363,29099,13765,6740,20297
4994000	25596,25596
6998500	19416,19416,201,1031
9807250	6096,6096,19890,26699,7868,18905
6233750	10584,10584,10678,10948,10014,3051,3776,3458,26619,4220,18180,21146
8145500	18124,18124,21883
1459000	6147,6147
439000	26404,26404,647,4221,25415,12287,16821,7868,24060,3228,3362,3390,6104,11499,1041,2198
9288000	19394,19394,2971,11328
8822250	4578,4578,17483,18013
3396250	29077,29077,16939,15138
11362000	8693,8693,5330,17232,10240
8280500	13971,13971,16674,19,17972
10539250	14020,14020,10176,1461,2812
4059500	805,805,28465,16463,12159
2198750	18024,18024,9250,5429,13054,16550
2378500	19974,19974,2669,10014,16722,3228,23774,17470,12886,14795,18937,14153,26619
2870250	15096,15096,4003,8327,14020,7096,29363,17606
10492250	11061,11061,4949,26464,3228,18217,24984,28752,8996,20045,12606,23662
2920750	22359,22359,22400,15946,15173,27155,13757,14119,26699,16302,12285,29490,7071,11864,17081,23407,23538,8669
8160750	3958,3958,15308,17641,18529
11782250	18002,18002,7127
2988000	12606,12606,17133,6548,15828,22482
2322750	12754,12754
9586500	17401,17401,24601,8860,414,27888
1114000	25960,25960
1365000	13737,13737,14580
3001000	21995,21995,14902,4571,11080,679,24780
8628250	28481,28481,15390,20979,8630,29465
10831750	5640,5640
9079500	24447,24447,11022,15741,27314,4691,7208,7868,25669,25272
4503500	24193,24193,11936
10578000	26523,26523,13778,18227,14073,20896,12736,29213
1727500	4452,4452,9563,3228,7812,28669
71250	8775,8775
154500	28621,28621,8689,13830,29197,18805,10353,5863
5754500	10282,10282,15896,3954,3665,8307,14784,14020,28752,143,8725,25618,23214,11790,12647,16836
11730000	18523,18523,21565,422,471,13787,13390,6193,28286,8296,17181,12914,5443,1446
1966250	3228,3228,7186,25260
1620500	5833,5833,28774,5445,23735,1195
5011500	13749,13749,22280,23779,23013,11196,6219,6331,27092,20180
3350250	25420,25420,1672,19177,18736,3384,3409,24765
9069000	3677,3677,11864,19217,11456,17405,17446,24534,9620,28017,15302,19937,22393
5139250	26716,26716,1731,21336,17959,18183,23826,11080
1074500	16602,16602,12606,9567
887500	18946,18946,11080
6571000	13878,13878,13430,12162,5470,15734,27052,4254,9192
3588500	27251,27251,7432,23782,23779,530,4644,8637,21336,18712
2771250	28744,28744,2513,2963,476,1494,14694,12606
11142000	17407,17407,28378,18180
3751500	20300,20300,9829,10193,23284,28411
4037500	14523,14523
3009000	2033,2033,12327,22393,7230,27117,21840,17732,12964,8724,14695,19014,28347,11000,1507,5627,15019,28411
5292000	21345,21345,8643,25669,23779,19974
764750	14153,14153
1240250	2160,2160,20297,18392
1441500	27508,27508
9121750	2683,2683,7868,18805,2000,15946,15935,19974,5799,21838,25733,4571,11029
2975500	12680,12680,5086,19745,11329,12352,15934,16406,16670,14902,14226,14153
190500	20751,20751,4281,18465
11734000	13084,13084,7747,26546,14490,28985
1446250	23482,23482,14525,7105,18712,20297,1155,700
11612500	16672,16672,5848,29334,18741,18075
140500	10480,10480,14625,18730,23779,3627
2076000	24886,24886
1046250	10678,10678,27791,6621,18196
4370750	15638,15638,1666,4078,16343,23628
11434750	20083,20083,7071,21823,9985
8070000	29197,29197
8123500	1591,1591
791500	23492,23492,8738,20297,24831,16606,14712,21050,3627,10329
1525000	2257,2257,11196,9620
3188000	26618,26618,18025,16463,9567
4921000	16672,16672,9912,19974,28418,14048,3032,23549,1031
11313000	7456,7456,27092,21865,27406,27791,17013,11196,11018
4770500	24196,24196,24869,9165,18075,4808,15315,2610,10404,5876,5797,27191,20297,28975,6988
1063000	28481,28481,24196,24929,22749,14165,22280,15019,20551,530
11527500	5305,5305,16884,27791
11761750	28975,28975,3913,554
3954500	15584,15584,15860
599750	18990,18990,20297,12285,18072,29146,9657,530,10097
5012750	8799,8799,14818,1335,13020,5043,5053,11196,2208,10893,7963
7116750	27637,27637,12541,14930,23669,10308,9912
6515500	23251,23251
4133750	14451,14451,14248,20127,25372,27638,9919
5467250	23157,23157,8763,19252
1459750	28059,28059,25830
6897000	7626,7626,24177,23223,18544
7184500	6352,6352,24517,2159,28463,16939,27791,7868,10193
4336750	24059,24059
8072250	19514,19514,14020,19036,12977,526,749,22,1392,6098,23143,11196,14894,22095,27033
2103250	5458,5458,23549,11022,4220,6724,22280,14902,25219,7567,7822,13592,13737,20661,28855,24325,24341,12394
4850000	614,614,1428,12512,4731,11605
12388250	1539,1539,28391
10773000	2257,2257,2999,28124,20608,9486,9846,11889,18736,8724,14922,12977,19615
731750	7692,7692,9195,11196,15924
8040000	4762,4762,21796,17400,22547,13872,9792,17084,1335,27205,5043,23285,12541,12994,2655,15138,239,11018,8257,20300,10151,18275
4257000	27625,27625,11196
11046750	7169,7169
1528500	26546,26546,26585,21092,18466,22749,18736,22280,5799,28370,1505,646,12977,23774,23781,7248
1838000	11259,11259
691500	6080,6080,29445,20661,14119,14498,14554,21840,22664,22547,4270,15390,8764,239,23013,27912,834,19974,12433,19328,28641
5170500	19973,19973,14020,6096,18805,17581,21672
11794250	29099,29099,27092,1218,22365
4631250	15934,15934,29099,20896,13103
2823250	25329,25329,2610
10112000	6839,6839
4658500	11330,11330,12606,17453,21110,25917,25960,18075,21838,10948,27625
2232500	26516,26516,14261,24929,6431,11060,11000,679
620500	6352,6352,15345,10646,21840,26114,7975,18572,4571,934
5491500	21092,21092,18024,14265,25989,26288,20803,20620,20154,25212,9472,1962,6880,15390,7089
3245250	23878,23878
5742000	170,170,25261,25248,5593,10694,22307,19523,8238,20668,29465
7810250	8637,8637
7703750	27625,27625,23304,18868,8278,18730,4958,22908,6398,18075,7542,3626,3651,12394,527
3799500	21768,21768
981000	27160,27160,14153,14020,8662,12394,12737,11176
7405250	15125,15125
11552750	27791,27791,23448,16011
2704750	3658,3658,13592,5764,16483
1173500	24869,24869,15661,15931,15192,8049,23928,8257,20037,20143,7606,5848
4956000	21337,21337,15315,28675
11896000	12068,12068,3176,19166,10872,22405,16564
6848750	22894,22894,2891,7070,8689,13354,4307,4163,202,264,21336
7568750	12285,12285,1831
5407750	3850,3850,27060,16373,16821,6352,178
200250	19166,19166,12052,12352,5856,9620,25570
11352000	7096,7096
8346250	6734,6734,16939
5968250	21840,21840,13097,29099,26516,16406
10654750	12212,12212
12337750	13888,13888,21092
3363000	25742,25742,18868,15315
4392000	2610,2610
9123500	26789,26789,15138,2610,10176,14694,3433,18678,7061,7080,13888,4324,20846,12168
3895750	12475,12475,12933,5469
5999000	26523,26523,14666,14265,5081,10908
1165500	15423,15423
10628500	26972,26972,26619,14233,14294,26005,14486,7059,7045,7037,2945,18075,3185,3324,21336,7943,18612,21930,18736,398,25386,13784,8483,20297,4807,20386,24944,24869,20751,4039,17094,11524,16463,28945,28641,28535,12159,12285,12013,23928,5652,23549,10258,15988,15784,27791,6820,2476,9392,9846,27117,27035,19632,22313,6868
1793250	2033,2033,21067
417250	21838,21838,12068,26800
6564500	11790,11790,11612,11176,16406,12977,4949,26576,21950,18730,14902
6904000	26546,26546,9111
2808500	7560,7560
6497000	18233,18233,7927,20747
5959000	4078,4078,18805,27791,14153,14242
1758250	28481,28481,28463,2764,6571,6947,27791,3091
6412750	14580,14580,5014,12666,3719,7208
6683750	29203,29203,17945,2826,29551,10169,5267
7163250	26595,26595,9567,20154,18791,19702,22609,17748,8689
861750	27791,27791,23284,12790,5660
371250	7620,7620,25596,21110
5199750	9936,9936,679
3249250	28641,28641,26394,2513
5336750	11000,11000,23251,8965,15344,26341,5043,13494,21427,25272,679,24669,20146,6096,377
9055750	11201,11201
7854500	22244,22244,11080,2421,7323,7552,14902,19217,8278,4949,4571,20484,20207,12977,12285,24352,530,527
12154500	9471,9471,9549,8689,15086,7611,7868,13226,2568,27791,17640,17214
7787500	24340,24340
11391250	28924,28924
621500	2683,2683,6326,19973,29099
5248750	27035,27035,28924
6266000	23774,23774,4939,18292
83250	8769,8769,7989,21238,25753,25329,7409,7624,28885,1731,6174,15434,4220
10095000	16624,16624,8278,13494,2836,26699,14261,19973
12275500	21930,21930,7572,23134,5429,9563
2364500	21865,21865
1782250	18024,18024,2568,24460,5845,12143,14788,14415,155
4876750	949,949,11431,11378
2921750	5324,5324,143,7105,27791,11201
5865750	11652,11652,4238,28937,28177,10268,1031,18296,29331,911,3228
7921500	15534,15534,23612,28087,22583,22556
5037000	22077,22077,14796,4571,19416,7868,20803,21140,21067,12068,6880,27791,27508,11196
6458250	27205,27205,23475,22280,7692
835000	8637,8637,11734,5845,5848,1752,207,9912,23202,16722,19632,25215,25642,13878,7990,21462,14020,14048,7059
4902250	8207,8207,4709,27111,14360,23628,2323
11687000	8689,8689
8701250	1884,1884
4922750	18024,18024,18013,18489,20701,2669
5354000	18024,18024,10014,18990,4595,20180
10064500	12220,12220,8269,25830,22583,5799,29099
8649250	16939,16939,6571,2826,18024
3149000	9804,9804,9486
7211250	7061,7061,23656
1832000	25687,25687,10916
8430000	10480,10480,27328
1324500	14482,14482,6305,6980,7868,20872,2198,27927,10404,10647,5336
6754250	26789,26789,20152
7927750	26341,26341,26288,12680,12674,15065,3032,20279
2940000	904,904,18835,26722,2683,12220,24486,24519,25260,25086,11272,11767,12168,15935,19835
12417500	16406,16406,10082,16846,16913,10570,16096,5478,28411,1731,17959,12717,29099,24819,7061,24601,18024,3438,7963,3983,15831,15173,15138,8689
7892000	911,911,25366,16913,10928,1530,8489
6433000	17087,17087
965500	26546,26546,26378,18712,9671
5906250	27791,27791,13784,143
5279750	14956,14956,20386,3228,6880,2368
10653250	29203,29203,619,20180,26034,4320,21392,18891
4853750	19955,19955,25596
1492500	24886,24886,26605,8637,11679
2448250	949,949,12541,24669
3344750	2042,2042,26333,26614,2421,2771,3313,20579,7542,4452,28524,28463,28177,17748,8805,24196,12078,27427,5310,684,1771,11022,18290
5847500	28504,28504,21865,29505
8573000	19828,19828,28049,2323,6158
4886500	20146,20146,26789,26608,18805,17640
1244250	19951,19951,27670,624,1691,4324,28183,2764
3096750	15315,15315,11541
7361250	24541,24541,28410
5440500	25272,25272,17945,5043,11080
1189000	12175,12175,6548,11328,23628,23612,27615,16361,16818,28621
6172000	7827,7827,24704
1086750	18977,18977,1084,7868
5024500	14265,14265,21110,13888,29084,17748,9802,528,15138,12394,12977
6867750	7552,7552
4680000	16463,16463
1118250	14794,14794,14294,26665,5661,13494,24306,18712,18967,6672,19096,11176,7061,7070,3068,15584,3626,27346,10970,8278
6852750	27906,27906,7356,7822,12285,16939,7208,4949
6807250	22393,22393,8630,10646,27791,5712,5529,25372,13394,7233
8633500	8148,8148,5833
