11747250	155,155,16918,18730
1074750	11080,11080,27092,22556
7886000	4919,4919,22420
9842500	10908,10908,7868,7380,11176,11605
1911500	1073,1073,8868,16110
9244000	7868,7868
10212500	24081,24081
10401500	12189,12189
7893250	28992,28992
3549000	5184,5184
12016750	18730,18730,27371
11158000	9563,9563,21930,239
3031750	12977,12977,16110
6654750	14261,14261
12239250	21838,21838,7868
10309250	18996,18996,14942
6619500	11465,11465
6155250	18180,18180
9173750	16540,16540,16110
2316250	10948,10948
11493000	22727,22727
11874000	4220,4220
11494250	11196,11196
8163500	3252,3252,18868,28438
4259500	15019,15019
11625250	18990,18990
6099250	13244,13244
6272000	12055,12055,2803,6080
4256500	4694,4694
1724250	16176,16176
9802000	5883,5883
5440750	19862,19862
5642000	25424,25424,4949,10840,3723,11176
6234000	19875,19875,21372,17020
11535250	16463,16463
472000	25333,25333,6211
6921750	19197,19197
2148250	14294,14294
2331750	7179,7179
7306250	22359,22359
3511000	29203,29203,14020
5745000	26722,26722
5898500	374,374
8949750	16818,16818,17438
6571750	15086,15086,16540
2050000	24377,24377,26866
5220750	25240,25240
3035250	14020,14020
8529750	15138,15138
2492500	20979,20979,11124
2788750	11176,11176,26608
6126750	24977,24977,25117
3014750	18558,18558
8940500	251,251
6872750	26111,26111
9436000	4731,4731,504
9906500	23656,23656
6003750	4750,4750,7868,12285
892500	15019,15019,23516
5915250	15138,15138
11129250	23214,23214,14577
6150750	2655,2655
1909250	20516,20516,504,6326
12015250	11080,11080
1579250	4078,4078,25424
3304500	25169,25169
6751750	13737,13737
8096750	16663,16663,26485
10312750	12016,12016,5185,15934
2891500	2257,2257,8027
12008000	24274,24274
8051750	26608,26608,20297
11984750	3627,3627,25653,20207,8689,2683,25086,21110,15507,26722
8314250	11196,11196
3266750	12220,12220
1247000	25635,25635
3963750	4949,4949
1104500	21110,21110
9973000	25260,25260,23475
11121500	20297,20297
8195000	21672,21672
4963500	13240,13240
10261750	14261,14261
7657250	29445,29445,2043,1756
832250	1831,1831
5899750	12220,12220
8845250	15446,15446,22484,12394
3684750	25559,25559
7269750	19475,19475
7699500	21672,21672
8910750	24503,24503
9394500	14533,14533
9039750	2257,2257,13087,7105,11983,14580,9563,24978,3627
5751500	11679,11679
7060500	23214,23214
6412250	15159,15159
4475750	2227,2227,19113,4949,11612
1953250	15639,15639
4376250	8689,8689
154750	11196,11196
8149250	11679,11679
380000	12329,12329,5620
10054250	4667,4667,19660
11564250	1831,1831
847750	28169,28169
10521000	7868,7868
10234000	19402,19402,9111
7103000	15019,15019,11465
7190750	27791,27791
7588000	10329,10329
6874250	13483,13483,20648,12168,2683,155,26754,647,11080
4625750	1428,1428
9706000	12168,12168,18508,21865,6740
2752000	3164,3164,27906,26728
439000	25415,25415
9288000	2683,2683
11440500	14261,14261
12215000	3164,3164,6672
11949750	6571,6571,13554
4059500	8166,8166
2198750	16550,16550
980000	3228,3228
4547500	8257,8257
10492250	15449,15449,281,28752
69500	18196,18196
4087750	27791,27791
5082750	17280,17280
8622000	8702,8702
3903500	27609,27609,15138,28605
10592750	23798,23798
232000	16311,16311,12133,7868,361
9179500	12220,12220
6713250	2945,2945,2367
8628250	20979,20979
10578000	20896,20896
4503500	11936,11936
154500	25820,25820
5812000	2683,2683
8216750	12285,12285
11730000	24471,24471,1446
5754500	28752,28752
1966250	2257,2257
5655250	11196,11196,16406
42000	28180,28180
5011500	22489,22489,29203,21847,1756,23779,643,28098
39750	4896,4896
3350250	25420,25420,14413,18736
4454500	21071,21071,15019,25830,28653
6571000	13430,13430,4254
2771250	255,255,29490
3009000	5627,5627
3114000	13112,13112
5292000	21672,21672
2676250	4970,4970
1240250	12394,12394
9121750	15946,15946,21838
3312500	19993,19993
11612500	19974,19974
6258500	20471,20471
4370750	1666,1666
11434750	20083,20083,18758
8123500	1591,1591,22852,14931,3390
12377250	24730,24730
5962750	5151,5151
1525000	2257,2257,11196
791500	24831,24831
11313000	3228,3228,11196,6482
4770500	12220,12220,14020,2610,27625
4047000	29446,29446
8049000	27544,27544
3954500	26315,26315
10018000	5429,5429
6515500	21657,21657
5467250	11653,11653
7184500	7868,7868
309750	15365,15365,4545
10642000	7567,7567,7323,7105,2655,20896,8257,20536,28149,251
2103250	6290,6290,7567
4850000	1428,1428
10773000	2257,2257
731750	29008,29008
8040000	17400,17400,2655,25372
7513250	29203,29203,1756
5170500	27092,27092,6096,11679,18730
5264500	26083,26083,1642,12394
11794250	3068,3068
2823250	2610,2610
3524750	4808,4808
7600250	11052,11052
2232500	14261,14261,4683,679
5952250	6827,6827
2874500	7910,7910,14914
5034000	10584,10584,12220
10774750	2899,2899,14942
7703750	18075,18075
981000	8689,8689,8662,11176
9512750	19903,19903,4239,25651
11552750	16011,16011
10533750	14261,14261
4184250	241,241,12220
7568750	12285,12285
3952000	25372,25372,13998,4648,12220
415500	23164,23164
1710500	25526,25526,1481
1517000	19903,19903,15086
9123500	6447,6447,3433,20846,15,12168
10628500	11263,11263
1793250	27625,27625,14020
6564500	11196,11196,11176,12977,4949
8757750	23928,23928,26288
5959000	13688,13688
1758250	10038,10038,12560,23676
6683750	29203,29203,10169,4731
371250	21110,21110
11701500	26679,26679,22052,14020
3216500	2963,2963,28992
2852250	4647,4647
12154500	20297,20297,4949,7105,17640
711500	11052,11052,26722
3719250	4960,4960
239250	3619,3619
11391250	28924,28924,27998
2033500	3627,3627
65500	15639,15639,6050
621500	16009,16009
5248750	23623,23623,15086,28924
10566000	13554,13554,28053
252500	6199,6199
10095000	14261,14261
8702500	11196,11196,8257
3148500	12795,12795,28561
1782250	19374,19374,155
6247250	22736,22736
4876750	20536,20536,949,4080
2921750	25272,25272
5865750	11652,11652,28937,1756,26297,3228
3581250	12512,12512
5037000	26722,26722,14590,20625,7868
5293250	679,679
6061250	15019,15019,943,4169
10064500	28466,28466
7367000	15584,15584
11939000	2176,2176
2807500	12512,12512,27117,29203
3149000	18964,18964,13162
7687500	14603,14603,619
1832000	7868,7868,25687,10916
3404000	22246,22246
8430000	8637,8637
1324500	7868,7868,8028
7927750	25372,25372
2940000	26722,26722,14580,24519,11767,12168
12015000	26900,26900
3226500	23863,23863,16474,18741,14071
7892000	17647,17647
7218000	12220,12220,22317
5279750	2368,2368
1904750	9138,9138,22484
2768250	16094,16094,23421
11321750	13745,13745,643,21672,17060
10653250	20180,20180
1492500	6876,6876,11679,16540
1629250	18024,18024
10588000	14020,14020
341000	9290,9290,17958
10944750	13450,13450
3787750	26969,26969
1189000	15019,15019
1086750	18977,18977,7868
8730250	911,911
12229000	17389,17389
4712250	18388,18388
9716500	11465,11465
1806750	26394,26394
5780000	19523,19523,10058
8435250	18730,18730
1792000	23351,23351,20154,20979,13259
9394250	19014,19014,29203
9215000	14294,14294,6352
5693000	14020,14020,21899
